0,0,0,0,0,0,0,0,0,0,0,0,0,0,0,0,0,0,0,0,0,0,0,0,0,0,0,0,0,0,0,0,0,0,0,0,0,0,0,0,0,0,0,0,0,0,0,0,0,0
0,1.92085192318995e-64,2.44979494745841e-57,8.88100709293603e-57,2.48419352909861e-56,5.36166130192217e-56,8.92902588789636e-56,1.14735962464178e-55,1.13759019563446e-55,8.70287887793712e-56,5.13725222625616e-56,2.3398591954811e-56,8.22317407393343e-57,2.22987344390133e-57,4.66564803049259e-58,7.53242507572256e-59,9.38315372476048e-60,9.01891081839921e-61,6.68883841296303e-62,3.82770787037963e-63,1.69012362184841e-64,5.75824215165128e-66,1.51374712063603e-67,3.07049862306989e-69,4.80570280655616e-71,5.80360239067335e-73,5.40795350870985e-75,3.88989893332332e-77,2.29061087732382e-79,1.17398956020726e-80,8.56549962141094e-81,6.62060032472854e-81,5.00014491658863e-81,3.68854608586262e-81,2.65775370858179e-81,1.87051479007474e-81,1.28586227495053e-81,8.63405197031753e-82,5.66267656482457e-82,3.62756956786991e-82,2.26984727986907e-82,1.38728094425356e-82,8.2816924530786e-83,1.62836467249724e-83,2.6137440963741e-85,8.3107565915336e-89,9.18229296919121e-97,1.36618256262251e-120,2.83732754067951e-224,0
0,4.28913540438282e-24,5.63268629722577e-17,2.05223788821658e-16,5.7740499591008e-16,1.25466485258656e-15,2.10586390607757e-15,2.73059524896082e-15,2.73581463160986e-15,2.11838814445867e-15,1.26797597877284e-15,5.86827413719127e-16,2.10049252924288e-16,5.81662328099517e-17,1.24651817727977e-17,2.06808086100123e-18,2.65833371979968e-19,2.66128016693401e-20,2.21943779526564e-21,3.06593230486193e-22,1.90588131384285e-22,1.81107410719829e-22,1.7285399183129e-22,1.6131292426259e-22,1.47048097325106e-22,1.30929306762353e-22,1.13867878195286e-22,9.67280611671411e-23,8.02584249078657e-23,6.50452634097637e-23,5.1490560108629e-23,3.98131417573755e-23,3.00685287941745e-23,2.21811880215364e-23,1.59824856062688e-23,1.12483995835097e-23,7.73257327595164e-24,5.19211433677244e-24,3.40526838126624e-24,2.18145038108736e-24,1.3649798083922e-24,8.34245763698511e-25,4.98022183167248e-25,9.79222222733018e-26,1.57178324176096e-27,4.99769964284123e-31,5.52180078758897e-39,2.39954852442065e-55,2.13924402542056e-59,0
0,2.86343372369487e-17,4.13144060107665e-10,1.52860344566039e-09,4.37657409002673e-09,9.69981324311517e-09,1.66467985584267e-08,2.21302814897705e-08,2.27974242230862e-08,1.8204525720086e-08,1.12723353928025e-08,5.41420661995034e-09,2.01800583864099e-09,5.84264407889748e-10,1.32044561179922e-10,2.4094551856895e-11,4.50620930418175e-12,1.85320868773838e-12,1.6320814294824e-12,1.64804368829883e-12,1.64889973629329e-12,1.61288526257072e-12,1.54105963229707e-12,1.43821261709965e-12,1.31103312192197e-12,1.16732323159632e-12,1.0152090686897e-12,8.62396019481838e-13,7.15558084659749e-13,5.79922471267884e-13,4.59073133187884e-13,3.54961058743941e-13,2.68081250175066e-13,1.97760278039288e-13,1.42494657808935e-13,1.00287082310256e-13,6.89411153032592e-14,4.62912073963331e-14,3.03602684174755e-14,1.94491040695095e-14,1.21697172615067e-14,7.43786465861283e-15,4.44020426508298e-15,8.73042780750663e-16,1.40135116958754e-17,4.45611600291803e-21,1.34484401845098e-25,5.57748949563801e-26,4.97244036027961e-30,0
0,1.48510473073353e-14,6.26097245645574e-08,2.34019846047556e-07,6.77810413098103e-07,1.5217180707141e-06,2.6488208426844e-06,3.57575174579281e-06,3.74456546422802e-06,3.0428363472783e-06,1.9191879794282e-06,9.39976726148613e-07,3.58021288426959e-07,1.06772761329214e-07,2.5917979933254e-08,6.35750778183266e-09,2.88075351434125e-09,2.52586955114356e-09,2.59056567498305e-09,2.65112464908077e-09,2.65473427017465e-09,2.59685946579014e-09,2.48122008690315e-09,2.31563011630594e-09,2.1108635642759e-09,1.87948394738652e-09,1.63457832060593e-09,1.38855737057911e-09,1.15216724308645e-09,9.33814635758412e-10,7.39253249542642e-10,5.71614526299352e-10,4.31702678079306e-10,3.18450154812338e-10,2.29447523621943e-10,1.61479820699324e-10,1.11006363649017e-10,7.4536725691065e-11,4.88859223913768e-11,3.13176783760887e-11,1.95972329825226e-11,1.19788855006089e-11,7.15284215899117e-12,1.40926660226405e-12,2.5329834062189e-14,1.83183968988268e-15,9.7761673858889e-16,4.05743503401098e-16,3.61728224465814e-20,0
0,1.9525306578644e-12,5.09795547213216e-07,1.88926442161412e-06,5.45584742169089e-06,1.22602955117288e-05,2.14195773709026e-05,2.90740282902746e-05,3.06528902109361e-05,2.51012356569989e-05,1.5967111830221e-05,7.89579970402201e-06,3.04593152708765e-06,9.32549804277315e-07,2.48175017923141e-07,8.34838941086781e-08,5.62334483880565e-08,5.54593280690951e-08,5.76822291459271e-08,5.90994385394291e-08,5.91861107051196e-08,5.78984279762312e-08,5.53231841117606e-08,5.1635241992576e-08,4.70773182528279e-08,4.19382265843455e-08,3.65297069998904e-08,3.11545335921086e-08,2.60554274951775e-08,2.13646362135096e-08,1.7113046214249e-08,1.33134355965116e-08,1.00257716840491e-08,7.32358660817912e-09,5.21881444750683e-09,3.64459791548828e-09,2.49710440397024e-09,1.67685634025472e-09,1.10340789271769e-09,7.14693986128148e-10,4.63093549303207e-10,3.10072405186084e-10,2.20548107958951e-10,1.00335644150848e-10,6.13015595535204e-11,4.20556561728765e-11,2.26091507545201e-11,9.38358745312233e-12,8.36565071303736e-16,0
0,1.16634937246544e-11,1.15390687861228e-06,4.17507323550921e-06,1.18746513680983e-05,2.64459965557759e-05,4.59874004968417e-05,6.23030442621758e-05,6.56846645766802e-05,5.38609797832636e-05,3.43487064185504e-05,1.70601211536362e-05,6.64630363363479e-06,2.10209207076737e-06,6.34793560201675e-07,2.89763715552685e-07,2.41373039767909e-07,2.48606750441551e-07,2.5986922788628e-07,2.66445934303931e-07,2.669559439073e-07,2.61287437591695e-07,2.49834939891134e-07,2.33389278463707e-07,2.13075633784498e-07,1.90317100972349e-07,1.66804784472505e-07,1.44279295379734e-07,1.23875101008458e-07,1.05375173863733e-07,8.74885747861443e-08,6.94364948883947e-08,5.21074839408779e-08,3.72637483848047e-08,2.59266911723098e-08,1.78715235621626e-08,1.22718682285268e-08,8.37043551904668e-09,5.68134597787196e-09,3.93656973100748e-09,2.98750092787827e-09,2.67261548321769e-09,2.68451102300974e-09,2.27974852792418e-09,1.83842525351148e-09,1.25957646909002e-09,6.76759243108603e-10,2.80878541400788e-10,2.50408682381335e-14,0
0,2.09757692405652e-11,1.66745168355978e-06,5.973854754803e-06,1.68789624022104e-05,3.74369152415405e-05,6.49476420231247e-05,8.78851315213758e-05,9.26173531234059e-05,7.59608521705747e-05,4.84803462676963e-05,2.41223600034933e-05,9.44465797310175e-06,3.04111819752467e-06,9.79152564326172e-07,5.01735647361254e-07,4.42607707471357e-07,4.60585669365559e-07,4.82201218915469e-07,4.94757784194467e-07,4.96099730239331e-07,4.86049520187049e-07,4.65328844495588e-07,4.3538867186431e-07,3.98308451606457e-07,3.56758695474781e-07,3.13982278369973e-07,2.73356843585012e-07,2.36983335056087e-07,2.04064745757182e-07,1.71532631303416e-07,1.37552940130707e-07,1.04069070971269e-07,7.50299570578934e-08,5.28003721737462e-08,3.70222811377387e-08,2.60204139669777e-08,1.82699924992167e-08,1.28351954714792e-08,9.2471133591671e-09,7.28132354793298e-09,6.65105855387457e-09,6.69711709415513e-09,5.71031877625047e-09,4.43866617730969e-09,2.98739166207727e-09,1.60304941238353e-09,6.65320080994033e-10,5.93145791816947e-14,0
0,3.65032795014273e-11,2.34913556760659e-06,8.31462862423896e-06,2.32977869525516e-05,5.13947765476591e-05,8.88693747278337e-05,0.000120036925738442,0.000126395320316721,0.000103643655490863,6.61604519010786e-05,3.2930701030005e-05,1.28950227319695e-05,4.14657584486067e-06,1.32612198183085e-06,6.71283905290903e-07,5.88812934596162e-07,6.12213690231973e-07,6.41006149866372e-07,6.57861161561219e-07,6.59858537367282e-07,6.4675421222827e-07,6.19502909910384e-07,5.80041668229188e-07,5.31211209483242e-07,4.76849450945474e-07,4.21940656139409e-07,3.7185843531921e-07,3.29493799205489e-07,2.91887497285745e-07,2.51615958358366e-07,2.04284394154304e-07,1.53921605467916e-07,1.09122302801766e-07,7.52908874977675e-08,5.21271064617503e-08,3.65624174362682e-08,2.58461979022613e-08,1.84513748081564e-08,1.37988001867842e-08,1.17683657419257e-08,1.20106230994577e-08,1.32484360398732e-08,1.23914617108329e-08,1.00689237327825e-08,6.84118975326246e-09,3.67337939138041e-09,1.52457864130402e-09,1.3591915097954e-13,0
0,6.14672985702981e-11,3.23114410611401e-06,1.12703624388212e-05,3.12543710865216e-05,6.84719735536329e-05,0.000117885695021385,0.000158829228170586,0.000167027943484942,0.000136896824040383,8.7389673347761e-05,4.35099206864553e-05,1.70418399145717e-05,5.47640430314822e-06,1.74392159994223e-06,8.75544811976913e-07,7.64983888924858e-07,7.94980929916447e-07,8.32517690882212e-07,8.5467923158979e-07,8.5762259842591e-07,8.41021273791191e-07,8.06109102865257e-07,7.55423089168788e-07,6.92814038789573e-07,6.23859101451676e-07,5.56408992749204e-07,4.99247500792131e-07,4.56334938657608e-07,4.1996662979933e-07,3.7369793098789e-07,3.07839726854598e-07,2.30563597901668e-07,1.59835194371111e-07,1.0726874708728e-07,7.28259626069014e-08,5.08036420926797e-08,3.61539827741891e-08,2.63226137179139e-08,2.06659900349961e-08,1.94180811182044e-08,2.21931633612609e-08,2.64557204842297e-08,2.64528241666696e-08,2.21606686290821e-08,1.5158588232288e-08,8.14313965949926e-09,3.37968449736086e-09,3.01305445986763e-13,0
0,1.00146106399082e-10,4.34560434575725e-06,1.4897503096141e-05,4.07927113374401e-05,8.85942902539064e-05,0.000151674600651879,0.000203662310355267,0.000213779192786427,0.000175068781792644,0.00011173743804546,5.56441083757272e-05,2.18021583595343e-05,7.00593755109839e-06,2.22668330253346e-06,1.11319207888222e-06,9.70632209490284e-07,1.00854115699543e-06,1.05645473822696e-06,1.08501438414749e-06,1.08930726779847e-06,1.06890805349724e-06,1.02537530057561e-06,9.61977065148248e-07,8.83926266574266e-07,7.99476276519264e-07,7.21309967479878e-07,6.64134669425048e-07,6.33389224130021e-07,6.11706454495287e-07,5.64837640990252e-07,4.72655054077872e-07,3.51307688406328e-07,2.36972206656893e-07,1.53419510321583e-07,1.01284071712755e-07,6.99409546467809e-08,5.00793967083762e-08,3.73478083249475e-08,3.11852222563284e-08,3.27151674485887e-08,4.15904723899189e-08,5.27392119883781e-08,5.52601400992635e-08,4.72793836157078e-08,3.24974390168285e-08,1.74632541792485e-08,7.24785701381954e-09,6.46160548921801e-13,0
0,1.57864970746182e-10,5.72317387367308e-06,1.92306383187532e-05,5.18617908186147e-05,0.00011142596227382,0.000189400736208373,0.000253187757937113,0.000265086065135476,0.000216809113351969,0.000138318737664202,6.88889680274027e-05,2.7003684428752e-05,8.68256553000195e-06,2.76058672975631e-06,1.3797218632079e-06,1.20283376710694e-06,1.25009337690325e-06,1.30999795242833e-06,1.3460976235635e-06,1.35229050274229e-06,1.32803669322425e-06,1.27526211951906e-06,1.1981217270649e-06,1.10371314898716e-06,1.00452245486969e-06,9.21466532916304e-07,8.79570404525938e-07,8.86377267659819e-07,9.059248921799e-07,8.7029958843313e-07,7.39645961410975e-07,5.44977009935092e-07,3.56589723600656e-07,2.21128886118438e-07,1.40667612315797e-07,9.55765443383516e-08,6.87843774048763e-08,5.28152877734757e-08,4.75492863120576e-08,5.6075824945435e-08,7.82532691992981e-08,1.04000641216854e-07,1.12553489316089e-07,9.77210323238628e-08,6.74040653332937e-08,3.62297754065283e-08,1.50366192632777e-08,1.34054385159115e-12,0
0,2.40761417619215e-10,7.39115197791818e-06,2.42788034090101e-05,6.4311059263951e-05,0.000136368141445923,0.000229721765303031,0.000305324153947887,0.000318579063972396,0.000260086870136093,0.000165806169337725,8.25778231105851e-05,3.23870419998568e-05,1.04262892984278e-05,3.32380348382833e-06,1.66720840827821e-06,1.45592303204276e-06,1.51404905741278e-06,1.58744238434061e-06,1.63223593163296e-06,1.64106428453153e-06,1.61325899247404e-06,1.55115137333312e-06,1.45997943358104e-06,1.34952784896091e-06,1.23908956019083e-06,1.1635778341758e-06,1.16582120847352e-06,1.25644849585145e-06,1.36536671755374e-06,1.36349767961905e-06,1.17515310097464e-06,8.58113160210489e-07,5.44326062172534e-07,3.2186906319019e-07,1.95601438509272e-07,1.29853741392226e-07,9.37845281204387e-08,7.45789103321562e-08,7.33314334200844e-08,9.71537641544105e-08,1.46443156084168e-07,2.01487410928623e-07,2.22966671003718e-07,1.95591728842108e-07,1.35256488511321e-07,7.27132019832465e-08,3.01785186778592e-08,2.69047363342726e-12,0
0,3.55244906995293e-10,9.3705847142426e-06,3.00227250612337e-05,7.78976471743664e-05,0.000162597260450683,0.00027088026830294,0.000357403407294993,0.000371251113008214,0.000302336810091704,0.000192526510895776,9.58707328793087e-05,3.7625117295356e-05,1.21356295932514e-05,3.88787787208774e-06,1.96452164034607e-06,1.72147813011607e-06,1.79197887290332e-06,1.88013786142678e-06,1.93475157466397e-06,1.94717486631707e-06,1.91659950374019e-06,1.84579567483637e-06,1.74134840255939e-06,1.61697687468963e-06,1.50296013512951e-06,1.45768449173461e-06,1.55413012751252e-06,1.80755676632811e-06,2.0878389739801e-06,2.15895832254269e-06,1.88258401881751e-06,1.36304383428287e-06,8.3971692359886e-07,4.72982406034567e-07,2.72742223660954e-07,1.75611625612224e-07,1.27035250838373e-07,1.05299457599049e-07,1.14258689124277e-07,1.68803142944778e-07,2.70489143612205e-07,3.81642918188365e-07,4.28876151720218e-07,3.78994757260925e-07,2.62577310368173e-07,1.41178332927918e-07,5.85939481801359e-08,5.22376443787207e-12,0
0,5.07108949041747e-10,1.16717642719314e-05,3.64114280118798e-05,9.23020648394786e-05,0.000189138043232325,0.000310874566655957,0.000406441395578967,0.00041977041652617,0.000340731399747846,0.000216641303505267,0.000107846865085812,4.23597143971404e-05,1.36990340001037e-05,4.42063160818656e-06,2.25807588894768e-06,1.98866488725488e-06,2.07291012313037e-06,2.17679035433924e-06,2.24228672231794e-06,2.25952318804521e-06,2.22754399572029e-06,2.14959001109445e-06,2.03396777234716e-06,1.90025676972706e-06,1.79631739684969e-06,1.81905863012578e-06,2.09125057852062e-06,2.63518540463613e-06,3.21930097761175e-06,3.42751998580213e-06,3.01604345374423e-06,2.16731350493943e-06,1.30122366300903e-06,6.9974019346807e-07,3.81417842066999e-07,2.3653659701393e-07,1.71016165510339e-07,1.4875814379082e-07,1.79284430816534e-07,2.91842121247911e-07,4.90239972884266e-07,7.04389277522548e-07,8.0010479745674e-07,7.10801101091554e-07,4.93148547309815e-07,2.65173410687026e-07,1.10056256321312e-07,9.81172929615799e-12,0
0,7.00327860514717e-10,1.42877703062534e-05,4.33564122455381e-05,0.000107146309415494,0.000214956252997999,0.000347681142484606,0.000449494880210721,0.000460896713876144,0.00037254530107627,0.000236390353665291,0.000117629787297614,4.62516011491956e-05,1.50106395835119e-05,4.89034660459781e-06,2.53308431550933e-06,2.24495661109194e-06,2.34399814364075e-06,2.46414816514238e-06,2.5414961838611e-06,2.56504615656873e-06,2.53369084521283e-06,2.45117848396511e-06,2.32808186888354e-06,2.19274825235332e-06,2.12066856474963e-06,2.27026520192058e-06,2.84411680257642e-06,3.87518396795281e-06,4.967047010992e-06,5.41160353689805e-06,4.79400437077876e-06,3.42312083315292e-06,2.01123962339247e-06,1.03736191831457e-06,5.34220842735445e-07,3.17271678947574e-07,2.28796410596617e-07,2.10234479720582e-07,2.81966127062247e-07,4.98649213804027e-07,8.68184707194665e-07,1.2639569671452e-06,1.44661730631156e-06,1.29012886173831e-06,8.96016179797177e-07,4.81835773637448e-07,1.99978744639918e-07,1.78284940173131e-11,0
0,9.35672386568664e-10,1.71863493115447e-05,5.07224635489098e-05,0.000122007766068546,0.000239050528955566,0.000379485942419036,0.000484040779992052,0.000491929351137967,0.000395551360797801,0.000250358270421138,0.000124525542100915,4.90360669230498e-05,1.59879862062765e-05,5.27063837203617e-06,2.77518596370199e-06,2.4771809953259e-06,2.5915328058427e-06,2.72803264662302e-06,2.81808576438275e-06,2.84973456320792e-06,2.82171995303788e-06,2.73834961453204e-06,2.61325216450844e-06,2.48779048721984e-06,2.47980003281058e-06,2.84290062048204e-06,3.90346639161022e-06,5.7104423406168e-06,7.60957371122776e-06,8.43659639119308e-06,7.50946657962971e-06,5.33429507046871e-06,3.07974585286421e-06,1.53243598152153e-06,7.47366496936793e-07,4.23425190304688e-07,3.0405473762521e-07,2.96913899456284e-07,4.42063646083633e-07,8.37391750969666e-07,1.49785466993768e-06,2.20167803339414e-06,2.5335266345018e-06,2.2659179063179e-06,1.57495690771066e-06,8.46984074925113e-07,3.51528117760723e-07,3.13394153748645e-11,0
0,1.20938637129637e-09,2.03013966755714e-05,5.83161249475276e-05,0.000136424801606021,0.000260523525689545,0.000404877683538106,0.000508302873250489,0.000511099896758913,0.000408371699145252,0.000257712988259649,0.000128147241234014,5.05735147390035e-05,1.65884007554759e-05,5.54517348087491e-06,2.97221594633231e-06,2.6727788452145e-06,2.80217605486894e-06,2.95460614973432e-06,3.05808594892811e-06,3.09987658775568e-06,3.07856969514601e-06,2.99911362666203e-06,2.87930892367059e-06,2.77949621081141e-06,2.88047934400244e-06,3.57827203159537e-06,5.38467152827289e-06,8.37206551627623e-06,1.14981370813285e-05,1.29125538033989e-05,1.15314017096558e-05,8.15720475206128e-06,4.64468173299356e-06,2.24293636756722e-06,1.04055144487218e-06,5.61404733776605e-07,4.01019570253738e-07,4.18249911184021e-07,6.87129029962887e-07,1.37631036481113e-06,2.51237750685801e-06,3.71903100607687e-06,4.29640809842289e-06,3.85079033583631e-06,2.67814584925491e-06,1.44031864969231e-06,5.9778281891117e-07,5.32935009158115e-11,0
0,1.51224626727424e-09,2.35263142916671e-05,6.58754077244088e-05,0.000149895001994845,0.000278620399965483,0.000422965728421829,0.000521459757066466,0.000517828064082591,0.000410710332552307,0.000258365850471111,0.000128499652929371,5.08842693428138e-05,1.68205720852606e-05,5.71128608652527e-06,3.1158286806495e-06,2.82110619004868e-06,2.964272570337e-06,3.13171473275723e-06,3.24919542966953e-06,3.30336224386653e-06,3.29266204120832e-06,3.2228092558327e-06,3.11729306010806e-06,3.06342552347582e-06,3.33255031283186e-06,4.52612067094276e-06,7.42366517815155e-06,1.21310052454396e-05,1.70439453471662e-05,1.93191930100499e-05,1.72911850561143e-05,1.21912361617278e-05,6.86669846729805e-06,3.23587347179977e-06,1.43600709517885e-06,7.37998064678642e-07,5.24287847104574e-07,5.86154257098496e-07,1.05366910009156e-06,2.20698795851315e-06,4.0910729106143e-06,6.0877332257695e-06,7.0531681979755e-06,6.33180532255394e-06,4.4056607754523e-06,2.36945823021278e-06,9.83408408892847e-07,8.76727722543255e-11,0
0,1.82933865872535e-09,2.671213778048e-05,7.30664390258332e-05,0.000161872745647867,0.000292734966043388,0.000433405691151439,0.000523694866223593,0.000512787176309638,0.0004034154462673,0.000253016040863428,0.000126003447625883,5.01589957935293e-05,1.67484259927965e-05,5.78165066117822e-06,3.20267713226226e-06,2.91458539373205e-06,3.06904662808024e-06,3.25011387374668e-06,3.38200064577937e-06,3.45085787266704e-06,3.45499294101389e-06,3.40106885024012e-06,3.3202252727346e-06,3.33692991682515e-06,3.84807384379599e-06,5.74052458899888e-06,1.01659296079921e-05,1.72762599118162e-05,2.4685165031603e-05,2.81674248331262e-05,2.52479597762084e-05,1.77546556841354e-05,9.91606736333795e-06,4.58167132359204e-06,1.95647067713102e-06,9.59638627756082e-07,6.78481269016269e-07,8.14837495386539e-07,1.58726411852115e-06,3.44500973077727e-06,6.46094403873289e-06,9.65210037553042e-06,1.12068671603069e-05,1.00730455391973e-05,7.01129300820251e-06,3.77091430251785e-06,1.56506195851236e-06,1.39528317443453e-10,0
0,2.14081064146227e-09,2.96731366986569e-05,7.94932547786699e-05,0.000171776619927224,0.000302395863950043,0.000436340857820264,0.000516086602426975,0.000497766961013217,0.000388354594521768,0.000243064912649962,0.0001214500880979,4.87404592686709e-05,1.64856899123608e-05,5.78346029958121e-06,3.23490397251738e-06,2.94952075394894e-06,3.11150326411357e-06,3.304391403104e-06,3.45088536963979e-06,3.53666992999362e-06,3.55991784082565e-06,3.52848657569671e-06,3.48356184043486e-06,3.59902089133362e-06,4.4392823220588e-06,7.27244202240959e-06,1.37473015895695e-05,2.4077266225318e-05,3.4830183570395e-05,3.99332989571025e-05,3.5829244037332e-05,2.51433164484315e-05,1.39504061971991e-05,6.34474432063837e-06,2.62193163839511e-06,1.23133823741236e-06,8.67709227031245e-07,1.12009145861399e-06,2.34088826914734e-06,5.22605158745221e-06,9.88918244679332e-06,1.48177708708273e-05,1.72325772188464e-05,1.55037807600793e-05,1.0794304018935e-05,5.80565734769029e-06,2.40955188281709e-06,2.14816236618353e-10,0
0,2.42367130113943e-09,3.22013638437226e-05,8.47250452762657e-05,0.00017901680364446,0.000307251833636808,0.00043228811521479,0.000500372600232765,0.000475365132797691,0.000368125172170507,0.000230412161972952,0.000115891998895376,4.70778009661196e-05,1.61812298831134e-05,5.75498616637382e-06,3.21980650866949e-06,2.92644081714316e-06,3.09089272597515e-06,3.29344480052773e-06,3.45448978290958e-06,3.55916468071377e-06,3.60551096906011e-06,3.60288496382062e-06,3.60525385622759e-06,3.84971087107599e-06,5.11535288064721e-06,9.15902574078381e-06,1.82669706454118e-05,3.27312318871838e-05,4.77782613166451e-05,5.49656864546787e-05,4.93479831298896e-05,3.45730652759562e-05,1.90837127707255e-05,8.57051214651402e-06,3.44526757504655e-06,1.55534471348423e-06,1.0948336344436e-06,1.51782104174608e-06,3.37069621778454e-06,7.6954645130022e-06,1.46628550593046e-05,2.20209654189313e-05,2.56414410571099e-05,2.30860271614138e-05,1.60768172994591e-05,8.64695638135716e-06,3.58879092212903e-06,3.19947690439662e-10,0
0,2.65448061691496e-09,3.40895033475283e-05,8.83408866235065e-05,0.000183047166724644,0.000307073556054147,0.000422006430590196,0.000478646099057686,0.000448572797563835,0.000345655060417511,0.000217169092960833,0.000110485300779153,4.56598013915952e-05,1.59969838392289e-05,5.73987075589241e-06,3.16867814415183e-06,2.84990582249168e-06,3.01066727981042e-06,3.22044267760689e-06,3.39565361365251e-06,3.52068660047333e-06,3.59345288383747e-06,3.62515039129224e-06,3.68540882970569e-06,4.08890477480906e-06,5.87834042153804e-06,1.141079543299e-05,2.37553793004842e-05,4.3300664135697e-05,6.36254726980265e-05,7.33768854909576e-05,6.59043060263243e-05,4.611159926784e-05,2.53498175088753e-05,1.12701815088153e-05,4.42723937608526e-06,1.92968037483264e-06,1.36057417399921e-06,2.02172219625227e-06,4.72881080529668e-06,1.09901026357586e-05,2.10532744424422e-05,3.16744721482961e-05,3.69174587149467e-05,3.32574557478235e-05,2.31640231852204e-05,1.24589736392714e-05,5.17091218329628e-06,4.60996877892925e-10,0
0,2.81251620971913e-09,3.51588770469181e-05,8.99864155433855e-05,0.00018343781372144,0.0003017798896313,0.000406381659191628,0.000453048399073538,0.000420334075159542,0.000323766719146007,0.000205339093191752,0.000106311268916442,4.49376448161254e-05,1.60817638461635e-05,5.77994835115962e-06,3.09497987442519e-06,2.72780982622046e-06,2.87794473643796e-06,3.09228789169797e-06,3.28086718865474e-06,3.42700719755175e-06,3.52848730539837e-06,3.59869163797719e-06,3.7256420112532e-06,4.31506014847006e-06,6.71897603102419e-06,1.39988086389759e-05,3.01423167829933e-05,5.56513484634312e-05,8.21713510926286e-05,9.49340694184204e-05,8.52880830472438e-05,5.96109500679494e-05,3.26662692021162e-05,1.44058208461328e-05,5.55169729002765e-06,2.34681767801903e-06,1.66255012744524e-06,2.6401796553612e-06,6.45322506559485e-06,1.52126177136606e-05,2.92654558085159e-05,4.40909524974973e-05,5.14276892986451e-05,4.63502638190701e-05,3.22876232852239e-05,1.73663438539262e-05,7.20764346886579e-06,6.42575433179056e-10,0
0,2.88283362516244e-09,3.52874105159749e-05,8.94318671268416e-05,0.000179954289696656,0.000291482621683036,0.000386346715787495,0.000425510328654221,0.000393155951089727,0.000304779467890764,0.000196519445608862,0.000104206266367348,4.52498003790845e-05,1.65451113361249e-05,5.90771566515264e-06,3.01212844669455e-06,2.57029470771481e-06,2.70257553487652e-06,2.91868344892991e-06,3.11933815843386e-06,3.28641776001166e-06,3.41756565377218e-06,3.52864761476692e-06,3.72827713176574e-06,4.5239434349653e-06,7.6133233941038e-06,1.68448079109501e-05,3.72325612773194e-05,6.94050365975401e-05,0.00010284767784314,0.000118976500999751,0.000106904664489614,7.46561200225559e-05,4.08069829559261e-05,1.78791993695525e-05,6.78214127943776e-06,2.79281969671056e-06,1.99441686257494e-06,3.37270886606025e-06,8.55578194784016e-06,2.04006255687451e-05,3.9377366056856e-05,5.93906956839735e-05,6.93142057251183e-05,6.24935383554624e-05,4.35377620649523e-05,2.34175606955077e-05,9.71911136142026e-06,8.66477680278888e-10,0
0,2.85859581371876e-09,3.44315114003749e-05,8.66183425403182e-05,0.000172623494668952,0.000276531941943911,0.000362838000613538,0.000397574141403918,0.000368824891767449,0.000290211594505947,0.000191672391823272,0.000104628127652716,4.67615880923371e-05,1.7435635817993e-05,6.13973826439303e-06,2.93127749545615e-06,2.38845918494098e-06,2.49597232104105e-06,2.7109640724058e-06,2.92184173860841e-06,3.10863582652695e-06,3.26884804327702e-06,3.42101310325387e-06,3.69559230185288e-06,4.70785055929945e-06,8.52137583496084e-06,1.98175817002327e-05,4.46970739687826e-05,8.39223705586183e-05,0.000124692770139674,0.000144385662917752,0.000129748172274815,9.05467621150261e-05,4.93926934176303e-05,2.15281364545539e-05,8.06084685022483e-06,3.2472808413732e-06,2.34530378973514e-06,4.20654260443887e-06,1.10101571910257e-05,2.64956323072097e-05,5.12785685417728e-05,7.7408391070272e-05,9.03848590881175e-05,8.15145199920371e-05,5.67941868911172e-05,3.05479480200108e-05,1.26784729881844e-05,1.1303105248786e-09,0
0,2.74216900256086e-09,3.26366179590062e-05,8.16803633404797e-05,0.000161766379923193,0.000257539982240982,0.000336775123743722,0.000370304225040839,0.000348260243198409,0.00028062176770175,0.000190999694378837,0.000107580753463797,4.94299538919734e-05,1.87278132678826e-05,6.47223633990023e-06,2.85949352940944e-06,2.19307628601141e-06,2.26989005667893e-06,2.48088343505996e-06,2.69954611113785e-06,2.90371400443235e-06,3.09074163335109e-06,3.28185460150974e-06,3.62929469157408e-06,4.85560495506165e-06,9.3884794867787e-06,2.27381751289836e-05,5.20862678361016e-05,9.83287094304972e-05,0.000146390328865562,0.000169630464430872,0.000152442229506229,0.000106325670285586,5.7906562062983e-05,2.5133380970071e-05,9.31150856645698e-06,3.68432116374741e-06,2.69977451100743e-06,5.11418046621836e-06,1.37425649490985e-05,3.33186730377599e-05,6.46219499975723e-05,9.76196940721115e-05,0.000114027182926075,0.000102860751734854,7.1671962547105e-05,3.85504596672966e-05,1.59997969092938e-05,1.42641301198882e-09,0
0,2.54474170717012e-09,3.003353655313e-05,7.49376849494178e-05,0.000147984335061448,0.00023536424120919,0.000309046354601072,0.000344277731920957,0.000331508653043335,0.000275604063631957,0.000193937246399662,0.000112609385671134,5.3000276639959e-05,2.03200921311856e-05,6.87982796598824e-06,2.79867816131349e-06,1.99352111645915e-06,2.03533619172533e-06,2.23953562139791e-06,2.46298883031808e-06,2.68111870268785e-06,2.89112993895682e-06,3.11675213809914e-06,3.53034806685867e-06,4.95349349868977e-06,1.01499661750622e-05,2.53950564330676e-05,5.88680847289848e-05,0.000111588177674148,0.000166380859639227,0.000192896840211946,0.000173356475751784,0.00012085983635337,6.57379794170854e-05,2.8437232929467e-05,1.04457470460343e-05,4.07471168105378e-06,3.03848965820488e-06,6.05278043188223e-06,1.6628194748492e-05,4.05603964006096e-05,7.88037743884904e-05,0.000119110737415012,0.000139172556996354,0.000125567620763932,8.74988267537818e-05,4.70634985552891e-05,1.95330076128831e-05,1.74140561784936e-09,0
0,2.2845518618781e-09,2.68209580853279e-05,6.68566126073201e-05,0.00013209780603765,0.000211044851155651,0.000280487083221716,0.000319637728183662,0.000317863485668324,0.000273927290442509,0.000199267504681369,0.000118868020179373,5.70371046483472e-05,2.2045441304874e-05,7.31792809856608e-06,2.74546235987962e-06,1.79706003522746e-06,1.80174863242571e-06,1.99654474503986e-06,2.22133107561937e-06,2.4490929317185e-06,2.67688873327083e-06,2.93053760066683e-06,3.39918449299512e-06,4.98707922336516e-06,1.07386552944596e-05,2.75681257939921e-05,6.44881028059481e-05,0.000122620551609713,0.000183037579192976,0.00021229233651282,0.000190790404478466,0.000132968168176305,7.22513467982911e-05,3.11725128097198e-05,1.13729671818659e-05,4.38896506368596e-06,3.33965020549063e-06,6.96609664731148e-06,1.94958919537886e-05,4.77921008950198e-05,9.29849142239442e-05,0.000140610115854687,0.000164333513101412,0.0001482919770528,0.000103338607766491,5.55835121143649e-05,2.30691130633146e-05,2.05665629602079e-09,0
0,1.98411116587673e-09,2.32377505899042e-05,5.79884401362804e-05,0.000115048235446525,0.000185704609030979,0.000251848898805854,0.000296190185231271,0.000306079560515281,0.000273789608211548,0.000205329842146869,0.000125248975390694,6.0985130024938e-05,2.36933612405212e-05,7.72865895408888e-06,2.69211505482559e-06,1.60857397963472e-06,1.576515798912e-06,1.75959156851252e-06,1.98194829588848e-06,2.21434654262507e-06,2.45371160009874e-06,2.72732350152329e-06,3.23622983857489e-06,4.94359450186538e-06,1.10941141097881e-05,2.90580839056503e-05,6.84429978550239e-05,0.000130444134980262,0.000194881462147061,0.000226096212896706,0.000203198042212268,0.000141577473430336,7.68699318806698e-05,3.30977081698477e-05,1.20121531638139e-05,4.6009720965113e-06,3.58114398619846e-06,7.78923526831794e-06,2.21422220935078e-05,5.45007549355375e-05,0.00010615928860451,0.000160592526545577,0.00018772495476107,0.000169421572756156,0.00011806749924853,6.35060192335841e-05,2.63572323274675e-05,2.3497985233846e-09,0
0,1.66701122901965e-09,1.95308163268058e-05,4.88978307157656e-05,9.77836934942467e-05,0.000160432665789326,0.000223766741986912,0.000273528035246003,0.000294645302948435,0.000273144674404551,0.000210294076479003,0.000130554187371859,6.42512392028467e-05,2.50401875088909e-05,8.0494275319207e-06,2.62830138953077e-06,1.43070031246025e-06,1.36484361459963e-06,1.53427678154185e-06,1.75034546055496e-06,1.9820471500266e-06,2.22619964689587e-06,2.51074815853909e-06,3.04258975434019e-06,4.81443709302978e-06,1.11719768283996e-05,2.97158588736191e-05,7.03541441350729e-05,0.000134318944206122,0.000200796786682841,0.000233010124829698,0.000209413108907598,0.000145878698002099,7.91597518198865e-05,3.40320057880942e-05,1.23035067184477e-05,4.69157217794837e-06,3.74314186429029e-06,8.45587517450785e-06,2.43540084071173e-05,6.01458052336583e-05,0.000117265256064949,0.000177447645058459,0.000207461793601079,0.000187253560716036,0.00013049848129006,7.01925347364306e-05,2.91323715872833e-05,2.59720758568231e-09,0
0,1.35493511950118e-09,1.59248859884425e-05,4.00955001975635e-05,8.11516928172925e-05,0.000136177435242631,0.00019673612506718,0.000251166803300131,0.000282070084640604,0.000270046481583267,0.000212452296916622,0.000133680056991974,6.6294153988049e-05,2.58826943013376e-05,8.22272063741798e-06,2.54334164965361e-06,1.26429895071745e-06,1.16991420223696e-06,1.32426271105341e-06,1.53032861390472e-06,1.75603152868299e-06,1.99812135035715e-06,2.28432052061047e-06,2.82070127724393e-06,4.59722227246397e-06,1.09514166448081e-05,2.94661557928825e-05,7.00265501617017e-05,0.000133861419895389,0.000200203857015221,0.000232359008037174,0.000208829416651873,0.000145452035667016,7.88966485706592e-05,3.38831950921441e-05,1.22176181145104e-05,4.65138182138615e-06,3.81073926785439e-06,8.90693199638192e-06,2.59361873063315e-05,6.42298328646155e-05,0.000125324397903042,0.000189690643851837,0.000221805393051363,0.00020021711718542,0.000139536507092065,7.50540426552641e-05,3.11500684863019e-05,2.77708918838802e-09,0
0,1.06538321889808e-09,1.25995569410188e-05,3.19872600715749e-05,6.58190962619426e-05,0.000113670487245117,0.000171109998437622,0.000228675625123525,0.000267143966565462,0.000262957991345409,0.000210480737411272,0.000133784448571813,6.67061009248565e-05,2.60690403397293e-05,8.20532137033927e-06,2.42850793751023e-06,1.10909671732646e-06,9.932417791909e-07,1.13159936538305e-06,1.32433219946269e-06,1.53913049410274e-06,1.77272920686497e-06,2.05173892741704e-06,2.57476594790031e-06,4.29691541706121e-06,1.04391436325756e-05,2.83200686642856e-05,6.74805014993271e-05,0.000129106102868136,0.000193151927413092,0.000224199165186545,0.000201497897054741,0.000140334139170721,7.61022127955486e-05,3.26624862005612e-05,1.17602246768214e-05,4.48230360632897e-06,3.77616282697981e-06,9.09913014756934e-06,2.67400458079631e-05,6.63705332220066e-05,0.000129583090216618,0.000196177033841892,0.000229415130621528,0.000207100722405737,0.000144336943833717,7.7636220165269e-05,3.22217630616283e-05,2.87263284408501e-09,0
0,8.10402039776728e-10,9.6766402169047e-06,2.48463902004236e-05,5.223049962678e-05,9.33930770013765e-05,0.000147117372340536,0.000205786123524076,0.000249131419257226,0.000250975051129256,0.000203628460634619,0.000130407094108973,6.52719406525502e-05,2.55213584981601e-05,7.97518764775203e-06,2.27888614030208e-06,9.64348863670003e-07,8.3511781501538e-07,9.57130773715884e-07,1.13379678085474e-06,1.33350221029888e-06,1.55303046903557e-06,1.8170818257994e-06,2.31083897771523e-06,3.92576715138895e-06,9.66901943420947e-06,2.63739430638271e-05,6.29488923654166e-05,0.000120500616190126,0.000180311760087557,0.000209309635741821,0.000188118786490789,0.000131012558809251,7.10406044548039e-05,3.04829604756332e-05,1.09715017885881e-05,4.19738687175819e-06,3.64009519092319e-06,9.01177036846691e-06,2.66862054512026e-05,6.63596564373076e-05,0.000129628615182666,0.000196278959708115,0.000229554882412147,0.000207238747932261,0.000144435652771755,7.76894067772809e-05,3.22438374215842e-05,2.87460081620684e-09,0
0,5.9635172144689e-10,7.21823489919252e-06,1.88102429513279e-05,4.06061822273859e-05,7.55847315373974e-05,0.0001248973436352,0.000182462432006036,0.000227871163821291,0.000233932304613772,0.000191803189826381,0.000123523363347763,6.19953987986509e-05,2.42458537737348e-05,7.53468337783081e-06,2.09443337652835e-06,8.29379020064491e-07,6.95048256773131e-07,8.0089072908967e-07,9.59510308693375e-07,1.14089410209886e-06,1.34194268002948e-06,1.5848151314077e-06,2.03653763501506e-06,3.502044312062e-06,8.69734936621869e-06,2.37947142454528e-05,5.68408092975393e-05,0.000108835038547755,0.000162869441927608,0.000189068738642798,0.00016993067724565,0.000118348614859913,6.41769468179845e-05,2.75419692920069e-05,9.92001808149607e-06,3.81905071702027e-06,3.41181876383962e-06,8.6502358966778e-06,2.57774411223525e-05,6.41963330842678e-05,0.000125455049522317,0.000189985357245055,0.00022221040417582,0.00020061756933048,0.000139822975234939,7.52084012329861e-05,3.12141328580635e-05,2.78280065172744e-09,0
0,4.24533214054303e-10,5.23367370918868e-06,1.38967595679657e-05,3.09719351378051e-05,6.02832945286863e-05,0.000104536752463157,0.000158920779262512,0.000203770800509806,0.000212380029073444,0.000175544660585808,0.000113524629417387,5.70887024434871e-05,2.23288459313393e-05,6.90962621948795e-06,1.88005167646698e-06,7.03909477199269e-07,5.72113518751053e-07,6.62425524050528e-07,8.01858996911713e-07,9.62791741543432e-07,1.14230903798371e-06,1.35961576130672e-06,1.7604250885646e-06,3.04781872094568e-06,7.59486246039024e-06,2.07949170369729e-05,4.9679352500233e-05,9.5121192257635e-05,0.000142344819807183,0.00016524295409913,0.000148520841489302,0.000103445653222676,5.61064124536777e-05,2.40913100012763e-05,8.69264047671563e-06,3.37601959568498e-06,3.108110933312e-06,8.04543351059522e-06,2.40984806300423e-05,6.00874086534464e-05,0.000117464368996931,0.000177903849592222,0.000208091688328053,0.00018787777610479,0.000130945290365202,7.04333000344661e-05,2.92322978661096e-05,2.6061162077833e-09,0
0,2.92366823265008e-10,3.69210640389103e-06,1.0033451539854e-05,2.32080052520011e-05,4.73808112870006e-05,8.60994396895291e-05,0.000135596476697545,0.00017770468423631,0.000187445684450982,0.000155898065118407,0.000101133284144175,5.09294687461478e-05,1.99201464183478e-05,6.14451792611479e-06,1.64472646071544e-06,5.88157135858113e-07,4.6521721687295e-07,5.41015266031664e-07,6.60970434012416e-07,8.00452471319313e-07,9.56790960128951e-07,1.14605876604123e-06,1.4911984335274e-06,2.58626867473919e-06,6.43705663474124e-06,1.76026416645496e-05,4.2026867764541e-05,8.04474595773608e-05,0.000120373104628064,0.000139732976407839,0.000125597097544443,8.74906324832859e-05,4.74690138753903e-05,2.04014569086012e-05,7.38247688006658e-06,2.89957108263355e-06,2.7510809195204e-06,7.2492502139214e-06,2.18027944493054e-05,5.44146841557602e-05,0.00010640250070392,0.000161163942638625,0.000188519761777051,0.000170211983473562,0.000118633796724527,6.3811190392155e-05,2.64838893694658e-05,2.36109024501023e-09,0
0,1.94783292749067e-10,2.53716673721239e-06,7.09073327984335e-06,1.71036292517826e-05,3.66801153393512e-05,6.96395528138806e-05,0.00011306749085159,0.000150841925033627,0.000160615548633974,0.000134219121831424,8.72731246781955e-05,4.39951790910121e-05,1.72077201571056e-05,5.29511357787377e-06,1.39998173474847e-06,4.8272930951675e-07,3.73222740391234e-07,4.35795885392521e-07,5.36762360658464e-07,6.54852295970582e-07,7.87685356006222e-07,9.48245243510384e-07,1.23684450357049e-06,2.13901790546381e-06,5.29480207784388e-06,1.4432366695531e-05,3.44123949639422e-05,6.58379151608037e-05,9.84929719532902e-05,0.000114327325005351,0.000102766474423281,7.16004452470548e-05,3.8866958897516e-05,1.67268883458367e-05,6.07719282757636e-06,2.41979219951434e-06,2.36535284342104e-06,6.32697617955942e-06,1.90892525576912e-05,4.76762684649104e-05,9.32444280858765e-05,0.00014124289129004,0.000165222928544756,0.000149180824408849,0.000103976254961656,5.59271623927773e-05,2.32117403426178e-05,2.0693717953622e-09,0
0,1.25540108961203e-10,1.70072670229071e-06,4.9128554281229e-06,1.24063162222289e-05,2.79414671886062e-05,5.51981413618607e-05,9.19533540590774e-05,0.000124443491140484,0.000133484678775969,0.000111953265610081,7.29231348360574e-05,3.67893370824776e-05,1.43890854001317e-05,4.41995740386973e-06,1.15803010078309e-06,3.88393711940995e-07,2.95000702253927e-07,3.45804939526862e-07,4.28929686323332e-07,5.2659104141633e-07,6.36726793303736e-07,7.69455036505846e-07,1.00391958087701e-06,1.72397592096999e-06,4.22683964605427e-06,1.14617724045829e-05,2.72740583484575e-05,5.21405095673309e-05,7.79783836843887e-05,9.05068013555939e-05,8.13595526118735e-05,5.66999493607949e-05,3.07990518512754e-05,1.32785555673028e-05,4.84970981313239e-06,1.96247054673745e-06,1.97511435811459e-06,5.34825681180945e-06,1.61735916301862e-05,4.04145368045442e-05,7.90528666600825e-05,0.000119751415962914,0.000140085974004171,0.000126486428232198,8.81590904110302e-05,4.74193779172386e-05,1.96807104228987e-05,1.75457361062502e-09,0
0,7.82745305518628e-11,1.1138018240982e-06,3.34218006420771e-06,8.85949679429552e-06,2.09146263220102e-05,4.27883843289568e-05,7.28127300439041e-05,9.96699116838939e-05,0.000107524541032382,9.04319645049533e-05,5.89830055984029e-05,2.9773615693127e-05,1.16450128012558e-05,3.57255998381302e-06,9.30017657271442e-07,3.05811276538876e-07,2.2942192944047e-07,2.69983508400626e-07,3.36908152321274e-07,4.15802098570007e-07,5.04930137203864e-07,6.11894049853085e-07,7.97066677724917e-07,1.35398290183314e-06,3.27520237500363e-06,8.81770753494405e-06,2.09242892007354e-05,3.99596286230247e-05,5.97371869652205e-05,6.93266005024243e-05,6.23245585933384e-05,4.3448416257811e-05,2.36211111998139e-05,1.02072409533542e-05,3.75253613157626e-06,1.54704379925338e-06,1.60153911654878e-06,4.3783339222356e-06,1.32603666532246e-05,3.31450904509042e-05,6.48387863111694e-05,9.82221609473129e-05,0.000114902542140963,0.000103748743949278,7.23114741093555e-05,3.88952035582599e-05,1.61428781198518e-05,1.43916898018442e-09,0
0,4.72134357715998e-11,7.13825174527949e-07,2.23519696931003e-06,6.22666606291226e-06,1.53570033041323e-05,3.23779827708557e-05,5.60611331177368e-05,7.7433753521713e-05,8.3907482179417e-05,7.07198952191496e-05,4.61725658246878e-05,2.33171940915153e-05,9.11989079486237e-06,2.79554073004261e-06,7.24687248212542e-07,2.35309962608211e-07,1.75330580241633e-07,2.07165068528009e-07,2.59847648425582e-07,3.2210239311625e-07,3.92511912231741e-07,4.76577877529089e-07,6.1882240029865e-07,1.03635680693093e-06,2.46383411981886e-06,6.57210698664855e-06,1.55398311120457e-05,2.96367960789153e-05,4.42821475666514e-05,5.13826509985458e-05,4.6197117100942e-05,3.22184958974766e-05,1.7534608943985e-05,7.59873236625384e-06,2.81605060413676e-06,1.18576354409825e-06,1.26096612975374e-06,3.47109491035921e-06,1.05203589500115e-05,2.62993678739143e-05,5.14486475716388e-05,7.79386253667158e-05,9.11748613725787e-05,8.23246174275452e-05,5.73792029705062e-05,3.08633720474842e-05,1.28093854200405e-05,1.14198162278624e-09,0
0,2.75497648917847e-11,4.48446674141076e-07,1.47079104031236e-06,4.30350288286082e-06,1.10416752181331e-05,2.38768657508683e-05,4.19230637367742e-05,5.83166646968267e-05,6.340952223479e-05,5.35310812294904e-05,3.4976937079194e-05,1.76692471813251e-05,6.91108926620378e-06,2.11744997782188e-06,5.47641780490361e-07,1.76750064365812e-07,1.31523585835086e-07,1.56073698885232e-07,1.96615909639888e-07,2.44601023722252e-07,2.98905394619702e-07,3.63360551450853e-07,4.69702665887587e-07,7.7324898878044e-07,1.79999690707111e-06,4.74652346100026e-06,1.11731505221745e-05,2.12729278796593e-05,3.17644832284613e-05,3.68506248591966e-05,3.31352804018767e-05,2.31204995855174e-05,1.25996735364308e-05,5.47921072344912e-06,2.05022163869225e-06,8.83972949009092e-07,9.64022854741026e-07,2.66487853181197e-06,8.07661641109212e-06,2.01890210120828e-05,3.94943189890487e-05,5.98288017924992e-05,6.99891989099285e-05,6.31952646136837e-05,4.40462550265141e-05,2.36917874960561e-05,9.83292547687284e-06,8.76624430025147e-10,0
0,1.55516810640988e-11,2.76587916680651e-07,9.52508069587891e-07,2.92118443197053e-06,7.75983523740519e-06,1.71352334641196e-05,3.04228857018824e-05,4.25539883669073e-05,4.63932493952218e-05,3.92149624472604e-05,2.56379119091038e-05,1.29548240074509e-05,5.06742142779914e-06,1.55231228262572e-06,4.01229748809494e-07,1.29497644123582e-07,9.67504618611133e-08,1.15342569005101e-07,1.45839091391266e-07,1.81967084289492e-07,2.22862114678327e-07,2.71088199162967e-07,3.48507719581015e-07,5.62581795156083e-07,1.27760594674547e-06,3.32253833864287e-06,7.77839935920368e-06,1.47787961992881e-05,2.20498071581593e-05,2.55742510597395e-05,2.29988484674885e-05,1.60574421994563e-05,8.7646454098638e-06,3.82759553888648e-06,1.4486917784135e-06,6.41212488669759e-07,7.15669767336331e-07,1.98127881786501e-06,6.0000307417126e-06,1.49944133217379e-05,2.93303366002927e-05,4.44306085319189e-05,5.19753487207925e-05,4.69296488433851e-05,3.27092547021845e-05,1.75937903276096e-05,7.30204207431949e-06,6.50991252448271e-10,0
0,8.49266386404835e-12,1.67689448462579e-07,6.06954442387082e-07,1.94439928297432e-06,5.32126179231482e-06,1.19524423404734e-05,2.14086013544213e-05,3.00743920937553e-05,3.28546194462449e-05,2.77970310900121e-05,1.81796347135387e-05,9.18528562301905e-06,3.58896910126295e-06,1.09323895820696e-06,2.74047619331235e-07,7.81121827372166e-08,5.10358969518122e-08,5.96266785725549e-08,7.58843275649019e-08,9.5389036648384e-08,1.17609738261292e-07,1.44396255459106e-07,1.9059563124899e-07,3.28488385773906e-07,8.02562443899284e-07,2.16880974257955e-06,5.15218152809847e-06,9.84248618405849e-06,1.47155679868007e-05,1.70785819927785e-05,1.53539867700934e-05,1.07039602954489e-05,5.81951981995008e-06,2.5151824312973e-06,9.2667464952192e-07,3.94469421990393e-07,4.66609888275656e-07,1.38572536608252e-06,4.28029854225255e-06,1.07482882980058e-05,2.10527221247739e-05,3.19053422434455e-05,3.73318550513958e-05,3.37127925871115e-05,2.34983836848933e-05,1.26394484420054e-05,5.24581587806555e-06,4.67674687959556e-10,0
0,1.29278556489496e-12,4.82012556840577e-08,2.10594541585123e-07,7.71406910325363e-07,2.28545318595973e-06,5.35244247224051e-06,9.78653685054949e-06,1.38838689611236e-05,1.52375634775154e-05,1.29194314995436e-05,8.45720861936502e-06,4.2736113871939e-06,1.66790320183943e-06,5.04613455392197e-07,1.21426565507429e-07,2.79492295080012e-08,1.25247888348868e-08,1.30726823437631e-08,1.65290000700814e-08,2.08539239951769e-08,2.58517313893959e-08,3.23093760267936e-08,4.59831764895685e-08,9.44288653802876e-08,2.70482249795784e-07,7.85027520828892e-07,1.9129643704011e-06,3.68849081245185e-06,5.5341815511404e-06,6.42970175421343e-06,5.77727051094579e-06,4.01719960466623e-06,2.16906917878324e-06,9.20343885415041e-07,3.22814588005268e-07,1.29939358247446e-07,1.87116562473202e-07,6.43051466599563e-07,2.05572422829037e-06,5.20367296956463e-06,1.02149982687484e-05,1.54919514965886e-05,1.81337837262858e-05,1.63798890670667e-05,1.14179197581502e-05,6.14156948708702e-06,2.54896747057469e-06,2.27245407412139e-10,0
0,5.65000160978352e-15,4.0683802105405e-09,2.10283039410117e-08,8.42425815141258e-08,2.60952361587541e-07,6.24317399107646e-07,1.15302048082792e-06,1.64342038665786e-06,1.80756516059712e-06,1.53409374227846e-06,1.00465639098531e-06,5.07701394895908e-07,1.9802902051047e-07,5.97026765848549e-08,1.40504792487261e-08,2.79387066161708e-09,7.73743310308595e-10,6.08003422499835e-10,7.42200857416841e-10,9.3469965742392e-10,1.16152878027924e-09,1.47569143728628e-09,2.25744035312638e-09,5.31389927330898e-09,1.67224357176969e-08,5.02813882564774e-08,1.23975631752227e-07,2.4004672867947e-07,3.60733192373465e-07,4.19304391068404e-07,3.76663829218746e-07,2.61607053607657e-07,1.40815193243964e-07,5.92655421684956e-08,2.05144105299869e-08,9.54983633680921e-09,2.15242406623312e-08,8.39621778751037e-08,2.74161804987958e-07,6.97175429130545e-07,1.37028507521756e-06,2.07899953871639e-06,2.4340524232982e-06,2.19893647752916e-06,1.53287624394198e-06,8.24519136478576e-07,3.42204459174986e-07,3.05081930786421e-11,0
0,2.08629795172769e-20,2.18266867071199e-11,1.13768313379927e-10,4.57558651529207e-10,1.41991868605194e-09,3.39993961873144e-09,6.28159303531582e-09,8.95486312156443e-09,9.85006060459836e-09,8.36006799303581e-09,5.47485085051899e-09,2.76648859499983e-09,1.07867783528308e-09,3.24587078753297e-10,7.54642956301036e-11,1.36884767095879e-11,2.1324851783297e-12,5.53773444313612e-13,4.75503269236686e-13,5.82087985595086e-13,7.2913646296051e-13,9.87680195724332e-13,1.91047485803017e-12,6.10366264023851e-12,2.23124554881979e-11,7.03800813779241e-11,1.76166710937848e-10,3.4290296798571e-10,5.16320119001287e-10,6.00508548042931e-10,5.39274149607633e-10,3.74002830284184e-10,2.0054970887304e-10,8.37802661337128e-11,3.07459964769065e-11,3.23337373062948e-11,1.40335272270315e-10,5.92867918501687e-10,1.95616530068613e-09,4.98500078724506e-09,9.80353181134507e-09,1.48766997441066e-08,1.74190665271882e-08,1.57374818601883e-08,1.09707943989429e-08,5.90109085024829e-09,2.44916038539367e-09,2.18347411656445e-13,0
0,4.73779052266117e-29,1.47158318805888e-18,7.67044821320306e-18,3.08494419532561e-17,9.57336303294695e-17,2.29230493747021e-16,4.23517048465109e-16,6.03754040542134e-16,6.64109738828381e-16,5.63651015665564e-16,3.69123237271387e-16,1.86519021985577e-16,7.27219548587943e-17,2.18775532024113e-17,5.0783609382538e-18,9.09592994054921e-19,1.25731863777922e-19,1.34439003015867e-20,1.15445398797436e-21,1.36553760093253e-22,1.01596589943203e-22,2.6271243816816e-22,1.29906798157732e-21,6.66589559841837e-21,2.79497525154989e-20,9.14299119402294e-20,2.31350779278234e-19,4.51997320111233e-19,6.81531852166015e-19,7.92988080291955e-19,7.11986199637327e-19,4.935637402174e-19,2.68376687821863e-19,1.64952528589608e-19,5.57552607405813e-19,3.76825779159757e-18,2.08622678447062e-17,8.93092990242715e-17,2.9502243840583e-16,7.51978375729041e-16,1.47892579758383e-15,2.24428535744194e-15,2.6278490562494e-15,2.37417868796761e-15,1.6550725494985e-15,8.90248632776759e-16,3.6948451399878e-16,3.29402630223441e-20,0
0,2.3624191027995e-71,7.33780073977802e-61,3.82473930322026e-60,1.53825526020675e-59,4.77359560194683e-59,1.14301909639017e-58,2.11179614791651e-58,3.0105174312682e-58,3.31147091268461e-58,2.81055047195528e-58,1.84057059125879e-58,9.30045539059917e-59,3.62615692915574e-59,1.09088663717627e-59,2.53223084332979e-60,4.53542106056499e-61,6.26790746400847e-62,6.68371904255846e-63,5.49926237311179e-64,3.49125315643804e-65,1.71020782194744e-66,6.4640878397776e-68,1.88537382906797e-69,4.34174217138762e-71,5.00902041764479e-72,1.78061916548369e-71,3.24808729993257e-70,1.66452830870219e-68,7.32163361880541e-67,2.49455177824792e-65,6.55881057978847e-64,1.33060839689208e-62,2.08288908223888e-61,2.51578008732777e-60,2.34460589612e-59,1.68600041017175e-58,9.35483527799916e-58,4.00502525685054e-57,1.32301576526652e-56,3.37221631437786e-56,6.63218262573808e-56,1.0064406595488e-55,1.17844825168927e-55,1.06469080860896e-55,7.42210576810167e-56,3.99228391226786e-56,1.65693832796877e-56,1.47719274468089e-60,0
0,0,0,0,0,0,0,0,0,0,0,0,0,0,0,0,0,0,0,0,0,0,0,0,0,0,0,0,0,0,0,0,0,0,0,0,0,0,0,0,0,0,0,0,0,0,0,0,0,0
